<?xml version="1.0"?>
<opencv_storage>
<Camaras>
<data>045846133747,066417433747,073733533547,137277134947,145250440247,306939533947,353464333947,359821734147,200175634547,gilipollas</data>
</Camaras>
</opencv_storage>
