<?xml version="1.0"?>
<opencv_storage>
<M1 type_id="opencv-matrix">
  <rows>3</rows>
  <cols>3</cols>
  <dt>d</dt>
  <data>
    7.4750626463617095e+002 0. 6.5150000000000000e+002 0.
    1.0979905098335769e+003 5.3950000000000000e+002 0. 0. 1.</data></M1>
<M2 type_id="opencv-matrix">
  <rows>3</rows>
  <cols>3</cols>
  <dt>d</dt>
  <data>
    9.6535960295199266e+002 0. 6.5150000000000000e+002 0.
    9.6271064391802361e+002 5.3950000000000000e+002 0. 0. 1.</data></M2>
<D1 type_id="opencv-matrix">
  <rows>1</rows>
  <cols>5</cols>
  <dt>d</dt>
  <data>
    8.3472431901613187e-002 -1.1822731896210784e-001 0. 0.
    1.9865304921166196e-002</data></D1>
<D2 type_id="opencv-matrix">
  <rows>1</rows>
  <cols>5</cols>
  <dt>d</dt>
  <data>
    4.2931511182869406e-002 1.0944547112958516e-001 0. 0.
    -7.3431624719839128e-001</data></D2>
<R type_id="opencv-matrix">
  <rows>3</rows>
  <cols>3</cols>
  <dt>d</dt>
  <data>
    9.9998245376732109e-001 -4.3258969221318770e-003
    4.0470697185313554e-003 4.3418928288491802e-003
    9.9998276442632361e-001 -3.9520648970627799e-003
    -4.0299037395887726e-003 3.9695674962012834e-003
    9.9998400107688856e-001</data></R>
<T type_id="opencv-matrix">
  <rows>3</rows>
  <cols>1</cols>
  <dt>d</dt>
  <data>
    -3.5932263509713287e+001 1.0145446472515534e+000
    -4.2076771278463987e+000</data></T>
<E type_id="opencv-matrix">
  <rows>3</rows>
  <cols>3</cols>
  <dt>d</dt>
  <data>
    1.4180765879570189e-002 4.2116319095724295e+000
    9.9789940255461329e-001 -4.3524068620541589e+000
    1.6083752282977276e-001 3.5914659869502714e+001
    -1.1705408830722528e+000 -3.5927255380971296e+001
    1.3790070436875787e-001</data></E>
<F type_id="opencv-matrix">
  <rows>3</rows>
  <cols>3</cols>
  <dt>d</dt>
  <data>
    -7.3725943249568255e-009 -1.4906898979747838e-006
    4.2121754621378583e-004 2.2690469624931490e-006
    -5.7084424115922275e-008 -1.5443379376971749e-002
    -6.3186316457066382e-004 1.3277788832727554e-002 1.</data></F>
<R1 type_id="opencv-matrix">
  <rows>3</rows>
  <cols>3</cols>
  <dt>d</dt>
  <data>
    9.9221551699131727e-001 -3.1865150613784497e-002
    1.2038679337042614e-001 3.2115355175306594e-002
    9.9948415938213586e-001 -1.3822499426364748e-004
    -1.2032028841229045e-001 4.0034136116519226e-003
    9.9272705255565441e-001</data></R1>
<R2 type_id="opencv-matrix">
  <rows>3</rows>
  <cols>3</cols>
  <dt>d</dt>
  <data>
    9.9282316644991253e-001 -2.8032284381884504e-002
    1.1625984342283537e-001 2.7790566816832060e-002
    9.9960692040374766e-001 3.6998752593202120e-003
    -1.1631786000596912e-001 -4.4239492367123046e-004
    9.9321194099263788e-001</data></R2>
<P1 type_id="opencv-matrix">
  <rows>3</rows>
  <cols>4</cols>
  <dt>d</dt>
  <data>
    1.2690327231400511e+003 0. 4.4440789031982422e+002 0. 0.
    1.2690327231400511e+003 5.3538976287841797e+002 0. 0. 0. 1. 0.</data></P1>
<P2 type_id="opencv-matrix">
  <rows>3</rows>
  <cols>4</cols>
  <dt>d</dt>
  <data>
    1.2690327231400511e+003 0. 4.4440789031982422e+002
    -4.5928841863520109e+004 0. 1.2690327231400511e+003
    5.3538976287841797e+002 0. 0. 0. 1. 0.</data></P2>
<Q type_id="opencv-matrix">
  <rows>4</rows>
  <cols>4</cols>
  <dt>d</dt>
  <data>
    1. 0. 0. -4.4440789031982422e+002 0. 1. 0. -5.3538976287841797e+002
    0. 0. 0. 1.2690327231400511e+003 0. 0. 2.7630409817670700e-002 0.</data></Q>
<TamCuadDamero>24</TamCuadDamero>
<NumSerieCam1>""</NumSerieCam1>
<NumSerieCam2>""</NumSerieCam2>
<MinDisparidad>31</MinDisparidad>
<NumDisparidades>224</NumDisparidades>
<SAD>15</SAD>
<FilterSize>9</FilterSize>
<FilterCap>31</FilterCap>
<Threshold>372</Threshold>
<Uniqueness>10</Uniqueness>
<SpeckleRange>9</SpeckleRange>
<Speckle>94</Speckle>
</opencv_storage>
