<?xml version="1.0"?>
<opencv_storage>
<M1 type_id="opencv-matrix">
  <rows>3</rows>
  <cols>3</cols>
  <dt>d</dt>
  <data>
    3.5470420058297708e+002 0. 3.1950000000000000e+002 0.
    3.5438770311966442e+002 1.7950000000000000e+002 0. 0. 1.</data></M1>
<M2 type_id="opencv-matrix">
  <rows>3</rows>
  <cols>3</cols>
  <dt>d</dt>
  <data>
    4.2080294078230696e+002 0. 2.8950000000000000e+002 0.
    4.2053333476663033e+002 2.3950000000000000e+002 0. 0. 1.</data></M2>
<D1 type_id="opencv-matrix">
  <rows>5</rows>
  <cols>1</cols>
  <dt>d</dt>
  <data>
    2.1911257432787733e-002 2.9686486395923785e-002 0. 0.
    -8.2837504015350727e-002</data></D1>
<D2 type_id="opencv-matrix">
  <rows>5</rows>
  <cols>1</cols>
  <dt>d</dt>
  <data>
    7.0612565217749543e-002 -2.0706371773623086e-001 0. 0.
    1.6556842514050468e-002</data></D2>
<R type_id="opencv-matrix">
  <rows>3</rows>
  <cols>3</cols>
  <dt>d</dt>
  <data>
    9.9998984736277963e-001 -4.4814304153695163e-003
    4.7111866548289326e-004 4.4824525725911009e-003
    9.9998755251452931e-001 -2.1914458551219977e-003
    -4.6129198913139773e-004 2.1935353732413267e-003
    9.9999748780297804e-001</data></R>
<T type_id="opencv-matrix">
  <rows>3</rows>
  <cols>1</cols>
  <dt>d</dt>
  <data>
    -4.9149310336684167e+001 -1.0166656236498993e-001
    4.7816219028606106e+000</data></T>
<E type_id="opencv-matrix">
  <rows>3</rows>
  <cols>3</cols>
  <dt>d</dt>
  <data>
    -2.1386495428854003e-002 -4.7817853928922718e+000
    -9.1187641458770272e-002 4.7589011736584599e+000
    8.6382244963655680e-002 4.9151439575262827e+001
    -1.1864392237848352e-001 -4.9149154162982661e+001
    1.0775594943461690e-001</data></E>
<F type_id="opencv-matrix">
  <rows>3</rows>
  <cols>3</cols>
  <dt>d</dt>
  <data>
    7.0442528980457153e-008 1.5764241696273977e-005
    -2.7456514673452706e-003 -1.5684848972096322e-005
    -2.8496126467412558e-007 -5.2398943653172804e-002
    3.9005728021344319e-003 6.3687769074691258e-002 1.</data></F>
<R1 type_id="opencv-matrix">
  <rows>3</rows>
  <cols>3</cols>
  <dt>d</dt>
  <data>
    9.9534256709778357e-001 -2.6139884209559921e-003
    -9.6365663945875146e-002 2.5188048424643643e-003
    9.9999621245685855e-001 -1.1093665323087562e-003
    9.6368198828035628e-002 8.6147343112639616e-004
    9.9534538132156292e-001</data></R1>
<R2 type_id="opencv-matrix">
  <rows>3</rows>
  <cols>3</cols>
  <dt>d</dt>
  <data>
    9.9529877649000842e-001 2.0588001019476001e-003
    -9.6830299285050811e-002 -1.9631568150799521e-003
    9.9999748655846821e-001 1.0830014152709690e-003
    9.6832285591179207e-002 -8.8781692160846764e-004
    9.9530031661217810e-001</data></R2>
<P1 type_id="opencv-matrix">
  <rows>3</rows>
  <cols>4</cols>
  <dt>d</dt>
  <data>
    3.6305852349635813e+005 0. 4.0556368255615234e+002 0. 0.
    3.6305852349635813e+005 1.8418477556854486e+002 0. 0. 0. 1. 0.</data></P1>
<P2 type_id="opencv-matrix">
  <rows>3</rows>
  <cols>4</cols>
  <dt>d</dt>
  <data>
    3.6305852349635813e+005 0. 4.0556368255615234e+002
    -1.7928361275223549e+007 0. 3.6305852349635813e+005
    1.8418477556854486e+002 0. 0. 0. 1. 0.</data></P2>
<Q type_id="opencv-matrix">
  <rows>4</rows>
  <cols>4</cols>
  <dt>d</dt>
  <data>
    1. 0. 0. -4.0556368255615234e+002 0. 1. 0. -1.8418477556854486e+002
    0. 0. 0. 3.6305852349635813e+005 0. 0. 2.0250513581411032e-002 0.</data></Q>
<TamCuadDamero>30</TamCuadDamero>
<NumSerieCam1>""</NumSerieCam1>
<NumSerieCam2>""</NumSerieCam2>
<MinDisparidad>31</MinDisparidad>
<NumDisparidades>224</NumDisparidades>
<SAD>15</SAD>
<FilterSize>9</FilterSize>
<FilterCap>31</FilterCap>
<Threshold>372</Threshold>
<Uniqueness>10</Uniqueness>
<SpeckleRange>9</SpeckleRange>
<Speckle>94</Speckle>
</opencv_storage>
