<?xml version="1.0"?>
<opencv_storage>
<M1 type_id="opencv-matrix">
  <rows>3</rows>
  <cols>3</cols>
  <dt>d</dt>
  <data>
    7.1887328136133874e+002 0. 6.5150000000000000e+002 0.
    1.0576346103322594e+003 5.3950000000000000e+002 0. 0. 1.</data></M1>
<M2 type_id="opencv-matrix">
  <rows>3</rows>
  <cols>3</cols>
  <dt>d</dt>
  <data>
    9.3783453702719908e+002 0. 6.5150000000000000e+002 0.
    9.3745860006131818e+002 5.3950000000000000e+002 0. 0. 1.</data></M2>
<D1 type_id="opencv-matrix">
  <rows>5</rows>
  <cols>1</cols>
  <dt>d</dt>
  <data>
    2.4691218771875866e-002 4.5416394582118609e-002 0. 0.
    -1.3996617569965467e-001</data></D1>
<D2 type_id="opencv-matrix">
  <rows>5</rows>
  <cols>1</cols>
  <dt>d</dt>
  <data>
    6.7358051237224714e-002 -1.9357723673905977e-001 0. 0.
    -4.5104231318472722e-002</data></D2>
<R type_id="opencv-matrix">
  <rows>3</rows>
  <cols>3</cols>
  <dt>d</dt>
  <data>
    9.9998555565301450e-001 -4.3017073722641025e-003
    3.2223902642583933e-003 4.3112016227449942e-003
    9.9998636954992148e-001 -2.9452088102318690e-003
    -3.2096769151769046e-003 2.9590586427502867e-003
    9.9999047092762283e-001</data></R>
<T type_id="opencv-matrix">
  <rows>3</rows>
  <cols>1</cols>
  <dt>d</dt>
  <data>
    -3.5373171283319280e+001 1.8585488802401468e-001
    4.8868987292988955e+000</data></T>
<E type_id="opencv-matrix">
  <rows>3</rows>
  <cols>3</cols>
  <dt>d</dt>
  <data>
    -2.1664939875607317e-002 -4.8862821631570217e+000
    2.0024605419157707e-001 4.7732916899532984e+000
    8.3649279916059027e-002 3.5388581704697621e+001
    -3.3835307690980576e-001 -3.5371889637731996e+001
    1.0358247872773947e-001</data></E>
<F type_id="opencv-matrix">
  <rows>3</rows>
  <cols>3</cols>
  <dt>d</dt>
  <data>
    2.5055521965479833e-008 3.8409724888699074e-006
    -2.2550084103081067e-003 -5.5225297667686297e-006
    -6.5780774988675914e-008 -2.5799654992328183e-002
    3.3300610711169904e-003 2.3609465346575431e-002 1.</data></F>
<R1 type_id="opencv-matrix">
  <rows>3</rows>
  <cols>3</cols>
  <dt>d</dt>
  <data>
    9.9098047030881675e-001 -9.8706713320432238e-003
    -1.3364234850514767e-001 9.6937690023174185e-003
    9.9995106525737876e-001 -1.9743184046963004e-003
    1.3365529659929787e-001 6.6101292588919354e-004
    9.9102766094235006e-001</data></R1>
<R2 type_id="opencv-matrix">
  <rows>3</rows>
  <cols>3</cols>
  <dt>d</dt>
  <data>
    9.9057796917997121e-001 -5.2046155564179231e-003
    -1.3685101005178621e-001 5.3857700884357238e-003
    9.9998504204691574e-001 9.5350038411045224e-004
    1.3684400043786615e-001 -1.6815645506135773e-003
    9.9059118302396754e-001</data></R2>
<P1 type_id="opencv-matrix">
  <rows>3</rows>
  <cols>4</cols>
  <dt>d</dt>
  <data>
    1.1945091647633515e+003 0. 8.3908073425292969e+002 0. 0.
    1.1945091647633515e+003 5.4057922935485840e+002 0. 0. 0. 1. 0.</data></P1>
<P2 type_id="opencv-matrix">
  <rows>3</rows>
  <cols>4</cols>
  <dt>d</dt>
  <data>
    1.1945091647633515e+003 0. 8.3908073425292969e+002
    -4.2655478517907490e+004 0. 1.1945091647633515e+003
    5.4057922935485840e+002 0. 0. 0. 1. 0.</data></P2>
<Q type_id="opencv-matrix">
  <rows>4</rows>
  <cols>4</cols>
  <dt>d</dt>
  <data>
    1. 0. 0. -8.3908073425292969e+002 0. 1. 0. -5.4057922935485840e+002
    0. 0. 0. 1.1945091647633515e+003 0. 0. 2.8003651729328893e-002 0.</data></Q>
<TamCuadDamero>24</TamCuadDamero>
<NumSerieCam1>""</NumSerieCam1>
<NumSerieCam2>""</NumSerieCam2>
<MinDisparidad>31</MinDisparidad>
<NumDisparidades>224</NumDisparidades>
<SAD>15</SAD>
<FilterSize>9</FilterSize>
<FilterCap>31</FilterCap>
<Threshold>372</Threshold>
<Uniqueness>10</Uniqueness>
<SpeckleRange>9</SpeckleRange>
<Speckle>94</Speckle>
</opencv_storage>
