%YAML:1.0
Errores Individuales: 1
tablero 0: 1.5922112762928009e-001
tablero 1: 1.5860494971275330e-001
tablero 2: 1.5785042941570282e-001
tablero 3: 1.7354506254196167e-001
tablero 4: 1.7863403260707855e-001
tablero 5: 1.8767282366752625e-001
tablero 6: 1.8509733676910400e-001
tablero 7: 1.8593780696392059e-001
tablero 8: 1.7566280066967010e-001
tablero 9: 1.7572374641895294e-001
tablero 10: 1.7795023322105408e-001
tablero 11: 1.7772693932056427e-001
tablero 12: 1.8366684019565582e-001
tablero 13: 2.1370400488376617e-001
tablero 14: 1.9778874516487122e-001
tablero 15: 1.7805927991867065e-001
tablero 16: 1.6349619626998901e-001
tablero 17: 1.8819087743759155e-001
tablero 18: 1.8984289467334747e-001
tablero 19: 1.8148170411586761e-001
tablero 20: 1.6536168754100800e-001
tablero 21: 1.6934080421924591e-001
tablero 22: 1.4771312475204468e-001
tablero 23: 1.5429650247097015e-001
tablero 24: 1.5075503289699554e-001
tablero 25: 1.5016986429691315e-001
tablero 26: 1.7299892008304596e-001
tablero 27: 1.8638546764850616e-001
tablero 28: 1.8304972350597382e-001
tablero 29: 1.4990317821502686e-001
tablero 30: 1.4959995448589325e-001
tablero 31: 1.4939950406551361e-001
tablero 32: 1.4776812493801117e-001
tablero 33: 1.4823590219020844e-001
tablero 34: 1.5776121616363525e-001
tablero 35: 1.6434271633625031e-001
tablero 36: 1.6693186759948730e-001
tablero 37: 1.6530828177928925e-001
tablero 38: 1.6488596796989441e-001
Error gordo: 1.7083551940539188e-001
